<?xml version="1.0" encoding="utf-8"?>
<COLLADA xmlns="http://www.collada.org/2005/11/COLLADASchema" version="1.4.1">
  <asset>
    <contributor>
      <author/>
      <authoring_tool>FBX COLLADA exporter</authoring_tool>
      <comments/>
    </contributor>
    <created>2019-05-30T01:19:08Z</created>
    <keywords/>
    <modified>2019-05-30T01:19:08Z</modified>
    <revision/>
    <subject/>
    <title/>
    <unit meter="0.010000" name="centimeter"/>
    <up_axis>Y_UP</up_axis>
  </asset>
  <library_animations>
    <animation id="pCylinder6-anim" name="pCylinder6">
      <animation>
        <source id="pCylinder6-Matrix-animation-input">
          <float_array id="pCylinder6-Matrix-animation-input-array" count="41">

0.000000 0.041667 0.083333 0.125000 0.166667 0.208333 0.250000 0.291667 0.333333 0.375000 0.416667 0.458333 0.500000 0.541667 0.583333 0.625000
0.666667 0.708333 0.750000 0.791667 0.833333 0.875000 0.916667 0.958333 1.000000 1.041667 1.083333 1.125000 1.166667 1.208333 1.250000 1.291667
1.333333 1.375000 1.416667 1.458333 1.500000 1.541667 1.583333 1.625000 1.666667</float_array>
          <technique_common>
            <accessor source="#pCylinder6-Matrix-animation-input-array" count="41">
              <param name="TIME" type="float"/>
            </accessor>
          </technique_common>
        </source>
        <source id="pCylinder6-Matrix-animation-output-transform">
          <float_array id="pCylinder6-Matrix-animation-output-transform-array" count="656">

-1.000000 0.000000 0.000000 0.067903 0.000000 1.000000 0.000000 0.000000 -0.000000 0.000000 -1.000000 -0.000000 0.000000 0.000000 0.000000 1.000000
-1.000000 0.000000 0.000000 0.067903 0.000000 1.000000 0.000000 0.000000 -0.000000 0.000000 -1.000000 -0.000000 0.000000 0.000000 0.000000 1.000000
-1.000000 0.000000 0.000000 0.067903 0.000000 1.000000 0.000000 0.000000 -0.000000 0.000000 -1.000000 -0.000000 0.000000 0.000000 0.000000 1.000000
-1.000000 0.000000 0.000000 0.067903 0.000000 1.000000 0.000000 0.000000 -0.000000 0.000000 -1.000000 -0.000000 0.000000 0.000000 0.000000 1.000000
-1.000000 0.000000 0.000000 0.067903 0.000000 1.000000 0.000000 0.000000 -0.000000 0.000000 -1.000000 -0.000000 0.000000 0.000000 0.000000 1.000000
-1.000000 0.000000 0.000000 0.067903 0.000000 1.000000 0.000000 0.000000 -0.000000 0.000000 -1.000000 -0.000000 0.000000 0.000000 0.000000 1.000000
-1.000000 0.000000 0.000000 0.067903 0.000000 1.000000 0.000000 0.000000 -0.000000 0.000000 -1.000000 -0.000000 0.000000 0.000000 0.000000 1.000000
-1.000000 0.000000 0.000000 0.067903 0.000000 1.000000 0.000000 0.000000 -0.000000 0.000000 -1.000000 -0.000000 0.000000 0.000000 0.000000 1.000000
-1.000000 0.000000 0.000000 0.067903 0.000000 1.000000 0.000000 0.000000 -0.000000 0.000000 -1.000000 -0.000000 0.000000 0.000000 0.000000 1.000000
-1.000000 0.000000 0.000000 0.067903 0.000000 1.000000 0.000000 0.000000 -0.000000 0.000000 -1.000000 -0.000000 0.000000 0.000000 0.000000 1.000000
-1.000000 0.000000 0.000000 0.067903 0.000000 1.000000 0.000000 0.000000 -0.000000 0.000000 -1.000000 -0.000000 0.000000 0.000000 0.000000 1.000000
-1.000000 0.000000 0.000000 0.067903 0.000000 1.000000 0.000000 0.000000 -0.000000 0.000000 -1.000000 -0.000000 0.000000 0.000000 0.000000 1.000000
-1.000000 0.000000 0.000000 0.067903 0.000000 1.000000 0.000000 0.000000 -0.000000 0.000000 -1.000000 -0.000000 0.000000 0.000000 0.000000 1.000000
-1.000000 0.000000 0.000000 0.067903 0.000000 1.000000 0.000000 0.000000 -0.000000 0.000000 -1.000000 -0.000000 0.000000 0.000000 0.000000 1.000000
-1.000000 0.000000 0.000000 0.067903 0.000000 1.000000 0.000000 0.000000 -0.000000 0.000000 -1.000000 -0.000000 0.000000 0.000000 0.000000 1.000000
-1.000000 0.000000 0.000000 0.067903 0.000000 1.000000 0.000000 0.000000 -0.000000 0.000000 -1.000000 -0.000000 0.000000 0.000000 0.000000 1.000000
-1.000000 0.000000 0.000000 0.067903 0.000000 1.000000 0.000000 0.000000 -0.000000 0.000000 -1.000000 -0.000000 0.000000 0.000000 0.000000 1.000000
-1.000000 0.000000 0.000000 0.067903 0.000000 1.000000 0.000000 0.000000 -0.000000 0.000000 -1.000000 -0.000000 0.000000 0.000000 0.000000 1.000000
-1.000000 0.000000 0.000000 0.067903 0.000000 1.000000 0.000000 0.000000 -0.000000 0.000000 -1.000000 -0.000000 0.000000 0.000000 0.000000 1.000000
-1.000000 0.000000 0.000000 0.067903 0.000000 1.000000 0.000000 0.000000 -0.000000 0.000000 -1.000000 -0.000000 0.000000 0.000000 0.000000 1.000000
-1.000000 0.000000 0.000000 0.067903 0.000000 1.000000 0.000000 0.000000 -0.000000 0.000000 -1.000000 -0.000000 0.000000 0.000000 0.000000 1.000000
-1.000000 0.000000 0.000000 0.067903 0.000000 1.000000 0.000000 0.000000 -0.000000 0.000000 -1.000000 -0.000000 0.000000 0.000000 0.000000 1.000000
-1.000000 0.000000 0.000000 0.067903 0.000000 1.000000 0.000000 0.000000 -0.000000 0.000000 -1.000000 -0.000000 0.000000 0.000000 0.000000 1.000000
-1.000000 0.000000 0.000000 0.067903 0.000000 1.000000 0.000000 0.000000 -0.000000 0.000000 -1.000000 -0.000000 0.000000 0.000000 0.000000 1.000000
-1.000000 0.000000 0.000000 0.067903 0.000000 1.000000 0.000000 0.000000 -0.000000 0.000000 -1.000000 -0.000000 0.000000 0.000000 0.000000 1.000000
-1.000000 0.000000 0.000000 0.067903 0.000000 1.000000 0.000000 0.000000 -0.000000 0.000000 -1.000000 -0.000000 0.000000 0.000000 0.000000 1.000000
-1.000000 0.000000 0.000000 0.067903 0.000000 1.000000 0.000000 0.000000 -0.000000 0.000000 -1.000000 -0.000000 0.000000 0.000000 0.000000 1.000000
-1.000000 0.000000 0.000000 0.067903 0.000000 1.000000 0.000000 0.000000 -0.000000 0.000000 -1.000000 -0.000000 0.000000 0.000000 0.000000 1.000000
-1.000000 0.000000 0.000000 0.067903 0.000000 1.000000 0.000000 0.000000 -0.000000 0.000000 -1.000000 -0.000000 0.000000 0.000000 0.000000 1.000000
-1.000000 0.000000 0.000000 0.067903 0.000000 1.000000 0.000000 0.000000 -0.000000 0.000000 -1.000000 -0.000000 0.000000 0.000000 0.000000 1.000000
-1.000000 0.000000 0.000000 0.067903 0.000000 1.000000 0.000000 0.000000 -0.000000 0.000000 -1.000000 -0.000000 0.000000 0.000000 0.000000 1.000000
-1.000000 0.000000 0.000000 0.067903 0.000000 1.000000 0.000000 0.000000 -0.000000 0.000000 -1.000000 -0.000000 0.000000 0.000000 0.000000 1.000000
-1.000000 0.000000 0.000000 0.067903 0.000000 1.000000 0.000000 0.000000 -0.000000 0.000000 -1.000000 -0.000000 0.000000 0.000000 0.000000 1.000000
-1.000000 0.000000 0.000000 0.067903 0.000000 1.000000 0.000000 0.000000 -0.000000 0.000000 -1.000000 -0.000000 0.000000 0.000000 0.000000 1.000000
-1.000000 0.000000 0.000000 0.067903 0.000000 1.000000 0.000000 0.000000 -0.000000 0.000000 -1.000000 -0.000000 0.000000 0.000000 0.000000 1.000000
-1.000000 0.000000 0.000000 0.067903 0.000000 1.000000 0.000000 0.000000 -0.000000 0.000000 -1.000000 -0.000000 0.000000 0.000000 0.000000 1.000000
-1.000000 0.000000 0.000000 0.067903 0.000000 1.000000 0.000000 0.000000 -0.000000 0.000000 -1.000000 -0.000000 0.000000 0.000000 0.000000 1.000000
-1.000000 0.000000 0.000000 0.067903 0.000000 1.000000 0.000000 0.000000 -0.000000 0.000000 -1.000000 -0.000000 0.000000 0.000000 0.000000 1.000000
-1.000000 0.000000 0.000000 0.067903 0.000000 1.000000 0.000000 0.000000 -0.000000 0.000000 -1.000000 -0.000000 0.000000 0.000000 0.000000 1.000000
-1.000000 0.000000 0.000000 0.067903 0.000000 1.000000 0.000000 0.000000 -0.000000 0.000000 -1.000000 -0.000000 0.000000 0.000000 0.000000 1.000000
-1.000000 0.000000 0.000000 0.067903 0.000000 1.000000 0.000000 0.000000 -0.000000 0.000000 -1.000000 -0.000000 0.000000 0.000000 0.000000 1.000000</float_array>
          <technique_common>
            <accessor source="#pCylinder6-Matrix-animation-output-transform-array" count="41" stride="16">
              <param type="float4x4"/>
            </accessor>
          </technique_common>
        </source>
        <source id="pCylinder6-Interpolations">
          <Name_array id="pCylinder6-Interpolations-array" count="41">
 LINEAR LINEAR LINEAR LINEAR LINEAR LINEAR LINEAR LINEAR LINEAR LINEAR LINEAR
LINEAR LINEAR LINEAR LINEAR LINEAR LINEAR LINEAR LINEAR LINEAR LINEAR LINEAR LINEAR
LINEAR LINEAR LINEAR LINEAR LINEAR LINEAR LINEAR LINEAR LINEAR LINEAR LINEAR LINEAR
LINEAR LINEAR LINEAR LINEAR LINEAR LINEAR</Name_array>
          <technique_common>
            <accessor source="#pCylinder6-Interpolations-array" count="41">
              <param type="name"/>
            </accessor>
          </technique_common>
        </source>
        <sampler id="pCylinder6-Matrix-animation-transform">
          <input semantic="INPUT" source="#pCylinder6-Matrix-animation-input"/>
          <input semantic="OUTPUT" source="#pCylinder6-Matrix-animation-output-transform"/>
          <input semantic="INTERPOLATION" source="#pCylinder6-Interpolations"/>
        </sampler>
        <channel source="#pCylinder6-Matrix-animation-transform" target="pCylinder6/matrix"/>
      </animation>
      <animation>
        <source id="pCylinder6-visibility-animation-input">
          <float_array id="pCylinder6-visibility-animation-input-array" count="41">

0.000000 0.041667 0.083333 0.125000 0.166667 0.208333 0.250000 0.291667 0.333333 0.375000 0.416667 0.458333 0.500000 0.541667 0.583333 0.625000
0.666667 0.708333 0.750000 0.791667 0.833333 0.875000 0.916667 0.958333 1.000000 1.041667 1.083333 1.125000 1.166667 1.208333 1.250000 1.291667
1.333333 1.375000 1.416667 1.458333 1.500000 1.541667 1.583333 1.625000 1.666667</float_array>
          <technique_common>
            <accessor source="#pCylinder6-visibility-animation-input-array" count="41">
              <param name="TIME" type="float"/>
            </accessor>
          </technique_common>
        </source>
        <source id="pCylinder6-visibility-animation-output">
          <float_array id="pCylinder6-visibility-animation-output-array" count="41">

1.000000 1.000000 1.000000 1.000000 1.000000 1.000000 1.000000 1.000000 1.000000 1.000000 1.000000 1.000000 1.000000 1.000000 1.000000 1.000000
1.000000 1.000000 1.000000 1.000000 1.000000 1.000000 1.000000 1.000000 1.000000 1.000000 1.000000 1.000000 1.000000 1.000000 1.000000 1.000000
1.000000 1.000000 1.000000 1.000000 1.000000 1.000000 1.000000 1.000000 1.000000</float_array>
          <technique_common>
            <accessor source="#pCylinder6-visibility-animation-output-array" count="41">
              <param type="float"/>
            </accessor>
          </technique_common>
        </source>
        <source id="pCylinder6-visibility-animation-intan">
          <float_array id="pCylinder6-visibility-animation-intan-array" count="41">

0.000000 -0.000000 0.000000 -0.000000 -0.000000 -0.000000 -0.000000 -0.000000 -0.000000 -0.000000 -0.000000 -0.000000 -0.000000 -0.000000 -0.000000 -0.000000
-0.000000 -0.000000 -0.000000 -0.000000 -0.000000 -0.000000 -0.000000 -0.000000 -0.000000 -0.000000 -0.000000 -0.000000 -0.000000 -0.000000 -0.000000 -0.000000
-0.000000 -0.000000 -0.000000 -0.000000 -0.000000 -0.000000 -0.000000 -0.000000 -0.000000</float_array>
          <technique_common>
            <accessor source="#pCylinder6-visibility-animation-intan-array" count="41">
              <param type="float"/>
            </accessor>
          </technique_common>
        </source>
        <source id="pCylinder6-visibility-animation-outtan">
          <float_array id="pCylinder6-visibility-animation-outtan-array" count="41">

0.000000 0.000000 0.000000 0.000000 0.000000 0.000000 0.000000 0.000000 0.000000 0.000000 0.000000 0.000000 0.000000 0.000000 0.000000 0.000000
0.000000 0.000000 0.000000 0.000000 0.000000 0.000000 0.000000 0.000000 0.000000 0.000000 0.000000 0.000000 0.000000 0.000000 0.000000 0.000000
0.000000 0.000000 0.000000 0.000000 0.000000 0.000000 0.000000 0.000000 0.000000</float_array>
          <technique_common>
            <accessor source="#pCylinder6-visibility-animation-outtan-array" count="41">
              <param type="float"/>
            </accessor>
          </technique_common>
        </source>
        <source id="pCylinder6-visibility-animation-interpolation">
          <Name_array id="pCylinder6-visibility-animation-interpolation-array" count="41">
 BEZIER STEP BEZIER BEZIER BEZIER BEZIER BEZIER BEZIER BEZIER BEZIER BEZIER BEZIER
BEZIER BEZIER BEZIER BEZIER BEZIER BEZIER BEZIER BEZIER BEZIER BEZIER BEZIER BEZIER
BEZIER BEZIER BEZIER BEZIER BEZIER BEZIER BEZIER BEZIER BEZIER BEZIER BEZIER BEZIER
BEZIER BEZIER BEZIER BEZIER BEZIER</Name_array>
          <technique_common>
            <accessor source="#pCylinder6-visibility-animation-interpolation-array" count="41">
              <param type="name"/>
            </accessor>
          </technique_common>
        </source>
        <sampler id="pCylinder6-visibility-animation">
          <input semantic="INPUT" source="#pCylinder6-visibility-animation-input"/>
          <input semantic="OUTPUT" source="#pCylinder6-visibility-animation-output"/>
          <input semantic="IN_TANGENT" source="#pCylinder6-visibility-animation-intan"/>
          <input semantic="OUT_TANGENT" source="#pCylinder6-visibility-animation-outtan"/>
          <input semantic="INTERPOLATION" source="#pCylinder6-visibility-animation-interpolation"/>
        </sampler>
        <channel source="#pCylinder6-visibility-animation" target="pCylinder6/visibility"/>
      </animation>
    </animation>
    <animation id="QuickRigCharacter_Hips-anim" name="QuickRigCharacter_Hips">
      <animation>
        <source id="QuickRigCharacter_Hips-Matrix-animation-input">
          <float_array id="QuickRigCharacter_Hips-Matrix-animation-input-array" count="41">

0.000000 0.041667 0.083333 0.125000 0.166667 0.208333 0.250000 0.291667 0.333333 0.375000 0.416667 0.458333 0.500000 0.541667 0.583333 0.625000
0.666667 0.708333 0.750000 0.791667 0.833333 0.875000 0.916667 0.958333 1.000000 1.041667 1.083333 1.125000 1.166667 1.208333 1.250000 1.291667
1.333333 1.375000 1.416667 1.458333 1.500000 1.541667 1.583333 1.625000 1.666667</float_array>
          <technique_common>
            <accessor source="#QuickRigCharacter_Hips-Matrix-animation-input-array" count="41">
              <param name="TIME" type="float"/>
            </accessor>
          </technique_common>
        </source>
        <source id="QuickRigCharacter_Hips-Matrix-animation-output-transform">
          <float_array id="QuickRigCharacter_Hips-Matrix-animation-output-transform-array" count="656">

-0.010072 0.001963 0.999947 -0.034444 0.999949 0.000267 0.010072 5.124807 -0.000248 0.999998 -0.001965 -0.063533 0.000000 0.000000 0.000000 1.000000
-0.010072 0.001963 0.999947 -0.034445 0.999949 0.000267 0.010072 5.124807 -0.000248 0.999998 -0.001965 -0.063533 0.000000 0.000000 0.000000 1.000000
-0.010072 0.001963 0.999947 -0.034445 0.999949 0.000267 0.010071 5.124807 -0.000247 0.999998 -0.001965 -0.063533 0.000000 0.000000 0.000000 1.000000
-0.010072 0.001963 0.999947 -0.034446 0.999949 0.000267 0.010071 5.124807 -0.000248 0.999998 -0.001965 -0.063533 0.000000 0.000000 0.000000 1.000000
-0.010072 0.001963 0.999947 -0.034447 0.999949 0.000267 0.010071 5.124807 -0.000248 0.999998 -0.001965 -0.063533 0.000000 0.000000 0.000000 1.000000
-0.010072 0.001963 0.999947 -0.034449 0.999949 0.000267 0.010072 5.124808 -0.000248 0.999998 -0.001965 -0.063533 0.000000 0.000000 0.000000 1.000000
-0.010072 0.001963 0.999947 -0.034450 0.999949 0.000267 0.010071 5.124808 -0.000247 0.999998 -0.001965 -0.063533 0.000000 0.000000 0.000000 1.000000
-0.010072 0.001963 0.999947 -0.034452 0.999949 0.000267 0.010071 5.124808 -0.000248 0.999998 -0.001965 -0.063533 0.000000 0.000000 0.000000 1.000000
-0.010072 0.001963 0.999947 -0.034454 0.999949 0.000267 0.010071 5.124807 -0.000248 0.999998 -0.001965 -0.063533 0.000000 0.000000 0.000000 1.000000
-0.010072 0.001963 0.999947 -0.034456 0.999949 0.000267 0.010071 5.124807 -0.000247 0.999998 -0.001965 -0.063533 0.000000 0.000000 0.000000 1.000000
-0.010072 0.001963 0.999947 -0.034458 0.999949 0.000267 0.010071 5.124808 -0.000247 0.999998 -0.001965 -0.063533 0.000000 0.000000 0.000000 1.000000
-0.010071 0.001963 0.999947 -0.034460 0.999949 0.000267 0.010071 5.124808 -0.000247 0.999998 -0.001965 -0.063533 0.000000 0.000000 0.000000 1.000000
-0.010071 0.001963 0.999947 -0.034462 0.999949 0.000267 0.010071 5.124807 -0.000247 0.999998 -0.001965 -0.063533 0.000000 0.000000 0.000000 1.000000
-0.010071 0.001963 0.999947 -0.034464 0.999949 0.000267 0.010071 5.124807 -0.000247 0.999998 -0.001965 -0.063533 0.000000 0.000000 0.000000 1.000000
-0.010071 0.001963 0.999947 -0.034466 0.999949 0.000267 0.010071 5.124808 -0.000247 0.999998 -0.001965 -0.063533 0.000000 0.000000 0.000000 1.000000
-0.010071 0.001963 0.999947 -0.034468 0.999949 0.000267 0.010071 5.124808 -0.000247 0.999998 -0.001965 -0.063533 0.000000 0.000000 0.000000 1.000000
-0.010071 0.001963 0.999947 -0.034469 0.999949 0.000267 0.010071 5.124807 -0.000247 0.999998 -0.001965 -0.063533 0.000000 0.000000 0.000000 1.000000
-0.010071 0.001963 0.999947 -0.034470 0.999949 0.000267 0.010071 5.124807 -0.000247 0.999998 -0.001965 -0.063533 0.000000 0.000000 0.000000 1.000000
-0.010071 0.001963 0.999947 -0.034471 0.999949 0.000267 0.010070 5.124807 -0.000247 0.999998 -0.001965 -0.063533 0.000000 0.000000 0.000000 1.000000
-0.010071 0.001963 0.999947 -0.034472 0.999949 0.000267 0.010070 5.124807 -0.000247 0.999998 -0.001965 -0.063533 0.000000 0.000000 0.000000 1.000000
-0.010071 0.001963 0.999947 -0.034472 0.999949 0.000267 0.010070 5.124807 -0.000247 0.999998 -0.001965 -0.063533 0.000000 0.000000 0.000000 1.000000
-0.010071 0.001963 0.999947 -0.034472 0.999949 0.000267 0.010070 5.124807 -0.000247 0.999998 -0.001965 -0.063533 0.000000 0.000000 0.000000 1.000000
-0.010071 0.001963 0.999947 -0.034472 0.999949 0.000267 0.010070 5.124807 -0.000247 0.999998 -0.001965 -0.063533 0.000000 0.000000 0.000000 1.000000
-0.010071 0.001963 0.999947 -0.034472 0.999949 0.000267 0.010070 5.124807 -0.000247 0.999998 -0.001965 -0.063533 0.000000 0.000000 0.000000 1.000000
-0.010071 0.001963 0.999947 -0.034472 0.999949 0.000267 0.010070 5.124807 -0.000247 0.999998 -0.001965 -0.063533 0.000000 0.000000 0.000000 1.000000
-0.010071 0.001963 0.999947 -0.034472 0.999949 0.000267 0.010070 5.124807 -0.000247 0.999998 -0.001965 -0.063533 0.000000 0.000000 0.000000 1.000000
-0.010071 0.001963 0.999947 -0.034472 0.999949 0.000267 0.010070 5.124807 -0.000247 0.999998 -0.001965 -0.063533 0.000000 0.000000 0.000000 1.000000
-0.010071 0.001963 0.999947 -0.034472 0.999949 0.000267 0.010070 5.124807 -0.000247 0.999998 -0.001965 -0.063533 0.000000 0.000000 0.000000 1.000000
-0.010071 0.001963 0.999947 -0.034472 0.999949 0.000267 0.010070 5.124807 -0.000247 0.999998 -0.001965 -0.063533 0.000000 0.000000 0.000000 1.000000
-0.010071 0.001963 0.999947 -0.034472 0.999949 0.000267 0.010070 5.124807 -0.000247 0.999998 -0.001965 -0.063533 0.000000 0.000000 0.000000 1.000000
-0.010071 0.001963 0.999947 -0.034472 0.999949 0.000267 0.010070 5.124807 -0.000247 0.999998 -0.001965 -0.063533 0.000000 0.000000 0.000000 1.000000
-0.010071 0.001963 0.999947 -0.034472 0.999949 0.000267 0.010070 5.124807 -0.000247 0.999998 -0.001965 -0.063533 0.000000 0.000000 0.000000 1.000000
-0.010071 0.001963 0.999947 -0.034472 0.999949 0.000267 0.010070 5.124807 -0.000247 0.999998 -0.001965 -0.063533 0.000000 0.000000 0.000000 1.000000
-0.010071 0.001963 0.999947 -0.034472 0.999949 0.000267 0.010070 5.124807 -0.000247 0.999998 -0.001965 -0.063533 0.000000 0.000000 0.000000 1.000000
-0.010071 0.001963 0.999947 -0.034472 0.999949 0.000267 0.010070 5.124807 -0.000247 0.999998 -0.001965 -0.063533 0.000000 0.000000 0.000000 1.000000
-0.010071 0.001963 0.999947 -0.034472 0.999949 0.000267 0.010070 5.124807 -0.000247 0.999998 -0.001965 -0.063533 0.000000 0.000000 0.000000 1.000000
-0.010071 0.001963 0.999947 -0.034472 0.999949 0.000267 0.010070 5.124807 -0.000247 0.999998 -0.001965 -0.063533 0.000000 0.000000 0.000000 1.000000
-0.010071 0.001963 0.999947 -0.034472 0.999949 0.000267 0.010070 5.124807 -0.000247 0.999998 -0.001965 -0.063533 0.000000 0.000000 0.000000 1.000000
-0.010071 0.001963 0.999947 -0.034472 0.999949 0.000267 0.010070 5.124807 -0.000247 0.999998 -0.001965 -0.063533 0.000000 0.000000 0.000000 1.000000
-0.010071 0.001963 0.999947 -0.034472 0.999949 0.000267 0.010070 5.124807 -0.000247 0.999998 -0.001965 -0.063533 0.000000 0.000000 0.000000 1.000000
-0.010071 0.001963 0.999947 -0.034472 0.999949 0.000267 0.010070 5.124807 -0.000247 0.999998 -0.001965 -0.063533 0.000000 0.000000 0.000000 1.000000</float_array>
          <technique_common>
            <accessor source="#QuickRigCharacter_Hips-Matrix-animation-output-transform-array" count="41" stride="16">
              <param type="float4x4"/>
            </accessor>
          </technique_common>
        </source>
        <source id="QuickRigCharacter_Hips-Interpolations">
          <Name_array id="QuickRigCharacter_Hips-Interpolations-array" count="41">
 LINEAR LINEAR LINEAR LINEAR LINEAR LINEAR LINEAR LINEAR LINEAR LINEAR LINEAR
LINEAR LINEAR LINEAR LINEAR LINEAR LINEAR LINEAR LINEAR LINEAR LINEAR LINEAR LINEAR
LINEAR LINEAR LINEAR LINEAR LINEAR LINEAR LINEAR LINEAR LINEAR LINEAR LINEAR LINEAR
LINEAR LINEAR LINEAR LINEAR LINEAR LINEAR</Name_array>
          <technique_common>
            <accessor source="#QuickRigCharacter_Hips-Interpolations-array" count="41">
              <param type="name"/>
            </accessor>
          </technique_common>
        </source>
        <sampler id="QuickRigCharacter_Hips-Matrix-animation-transform">
          <input semantic="INPUT" source="#QuickRigCharacter_Hips-Matrix-animation-input"/>
          <input semantic="OUTPUT" source="#QuickRigCharacter_Hips-Matrix-animation-output-transform"/>
          <input semantic="INTERPOLATION" source="#QuickRigCharacter_Hips-Interpolations"/>
        </sampler>
        <channel source="#QuickRigCharacter_Hips-Matrix-animation-transform" target="QuickRigCharacter_Hips/matrix"/>
      </animation>
    </animation>
    <animation id="QuickRigCharacter_LeftUpLeg-anim" name="QuickRigCharacter_LeftUpLeg">
      <animation>
        <source id="QuickRigCharacter_LeftUpLeg-Matrix-animation-input">
          <float_array id="QuickRigCharacter_LeftUpLeg-Matrix-animation-input-array" count="41">

0.000000 0.041667 0.083333 0.125000 0.166667 0.208333 0.250000 0.291667 0.333333 0.375000 0.416667 0.458333 0.500000 0.541667 0.583333 0.625000
0.666667 0.708333 0.750000 0.791667 0.833333 0.875000 0.916667 0.958333 1.000000 1.041667 1.083333 1.125000 1.166667 1.208333 1.250000 1.291667
1.333333 1.375000 1.416667 1.458333 1.500000 1.541667 1.583333 1.625000 1.666667</float_array>
          <technique_common>
            <accessor source="#QuickRigCharacter_LeftUpLeg-Matrix-animation-input-array" count="41">
              <param name="TIME" type="float"/>
            </accessor>
          </technique_common>
        </source>
        <source id="QuickRigCharacter_LeftUpLeg-Matrix-animation-output-transform">
          <float_array id="QuickRigCharacter_LeftUpLeg-Matrix-animation-output-transform-array" count="656">

-0.902641 -0.371307 0.217647 -0.574275 0.370838 -0.927627 -0.044574 -0.045593 0.218446 0.040477 0.975009 1.436209 0.000000 0.000000 0.000000 1.000000
-0.903128 -0.369605 0.218522 -0.574275 0.369139 -0.928308 -0.044516 -0.045593 0.219309 0.040462 0.974816 1.436209 0.000000 0.000000 0.000000 1.000000
-0.904640 -0.364430 0.220947 -0.574275 0.363976 -0.930355 -0.044273 -0.045593 0.221694 0.040368 0.974280 1.436210 0.000000 0.000000 0.000000 1.000000
-0.907339 -0.355403 0.224553 -0.574274 0.354980 -0.933853 -0.043674 -0.045593 0.225221 0.040085 0.973483 1.436209 0.000000 0.000000 0.000000 1.000000
-0.911395 -0.341967 0.228950 -0.574275 0.341602 -0.938883 -0.042511 -0.045593 0.229495 0.039466 0.972509 1.436209 0.000000 0.000000 0.000000 1.000000
-0.916854 -0.323651 0.233726 -0.574275 0.323379 -0.945398 -0.040592 -0.045593 0.234102 0.038366 0.971455 1.436209 0.000000 0.000000 0.000000 1.000000
-0.923650 -0.300700 0.237592 -0.574275 0.300551 -0.953018 -0.037746 -0.045593 0.237779 0.036545 0.970632 1.436209 0.000000 0.000000 0.000000 1.000000
-0.931615 -0.273604 0.239236 -0.574275 0.273582 -0.961248 -0.033975 -0.045593 0.239261 0.033799 0.970367 1.436209 0.000000 0.000000 0.000000 1.000000
-0.940474 -0.242736 0.237881 -0.574275 0.242804 -0.969627 -0.029481 -0.045593 0.237812 0.030032 0.970847 1.436209 0.000000 0.000000 0.000000 1.000000
-0.949822 -0.208284 0.233356 -0.574275 0.208363 -0.977742 -0.024598 -0.045593 0.233286 0.025260 0.972080 1.436209 0.000000 0.000000 0.000000 1.000000
-0.959094 -0.170265 0.226162 -0.574275 0.170258 -0.985203 -0.019689 -0.045593 0.226168 0.019623 0.973891 1.436209 0.000000 0.000000 0.000000 1.000000
-0.967573 -0.128639 0.217379 -0.574275 0.128455 -0.991601 -0.015039 -0.045593 0.217488 0.013372 0.975971 1.436209 0.000000 0.000000 0.000000 1.000000
-0.974471 -0.083546 0.208390 -0.574275 0.083129 -0.996481 -0.010772 -0.045593 0.208556 0.006826 0.977987 1.436209 0.000000 0.000000 0.000000 1.000000
-0.979056 -0.035460 0.200477 -0.574275 0.034796 -0.999371 -0.006832 -0.045593 0.200593 0.000286 0.979675 1.436209 0.000000 0.000000 0.000000 1.000000
-0.980799 0.014762 0.194462 -0.574275 -0.015654 -0.999873 -0.003050 -0.045593 0.194393 -0.006036 0.980905 1.436209 0.000000 0.000000 0.000000 1.000000
-0.979472 0.065852 0.190522 -0.574275 -0.066938 -0.997757 0.000736 -0.045593 0.190143 -0.012032 0.981683 1.436209 0.000000 0.000000 0.000000 1.000000
-0.975221 0.116180 0.188273 -0.574275 -0.117426 -0.993071 0.004561 -0.045593 0.187498 -0.017660 0.982106 1.436209 0.000000 0.000000 0.000000 1.000000
-0.968645 0.163529 0.187045 -0.574275 -0.164908 -0.986274 0.008271 -0.045593 0.185830 -0.022834 0.982317 1.436209 0.000000 0.000000 0.000000 1.000000
-0.960958 0.204646 0.186225 -0.574275 -0.206137 -0.978455 0.011531 -0.045593 0.184573 -0.027307 0.982439 1.436209 0.000000 0.000000 0.000000 1.000000
-0.954228 0.234549 0.185567 -0.574275 -0.236126 -0.971623 0.013879 -0.045593 0.183557 -0.030574 0.982534 1.436209 0.000000 0.000000 0.000000 1.000000
-0.951366 0.246124 0.185271 -0.574275 -0.247735 -0.968715 0.014774 -0.045593 0.183111 -0.031843 0.982576 1.436209 0.000000 0.000000 0.000000 1.000000
-0.954229 0.234545 0.185567 -0.574275 -0.236122 -0.971624 0.013878 -0.045593 0.183557 -0.030573 0.982534 1.436209 0.000000 0.000000 0.000000 1.000000
-0.960958 0.204647 0.186226 -0.574275 -0.206139 -0.978455 0.011531 -0.045593 0.184573 -0.027307 0.982439 1.436209 0.000000 0.000000 0.000000 1.000000
-0.968644 0.163529 0.187046 -0.574275 -0.164909 -0.986274 0.008271 -0.045593 0.185831 -0.022834 0.982316 1.436209 0.000000 0.000000 0.000000 1.000000
-0.975221 0.116178 0.188274 -0.574275 -0.117424 -0.993071 0.004561 -0.045593 0.187499 -0.017660 0.982106 1.436209 0.000000 0.000000 0.000000 1.000000
-0.979471 0.065853 0.190523 -0.574275 -0.066939 -0.997757 0.000736 -0.045593 0.190145 -0.012032 0.981682 1.436209 0.000000 0.000000 0.000000 1.000000
-0.980799 0.014755 0.194464 -0.574275 -0.015647 -0.999873 -0.003050 -0.045593 0.194395 -0.006034 0.980905 1.436209 0.000000 0.000000 0.000000 1.000000
-0.979056 -0.035455 0.200481 -0.574275 0.034792 -0.999371 -0.006832 -0.045593 0.200597 0.000286 0.979674 1.436209 0.000000 0.000000 0.000000 1.000000
-0.974470 -0.083546 0.208393 -0.574275 0.083130 -0.996480 -0.010772 -0.045593 0.208560 0.006827 0.977986 1.436209 0.000000 0.000000 0.000000 1.000000
-0.967573 -0.128637 0.217384 -0.574275 0.128453 -0.991602 -0.015038 -0.045593 0.217493 0.013373 0.975970 1.436209 0.000000 0.000000 0.000000 1.000000
-0.959092 -0.170265 0.226167 -0.574275 0.170258 -0.985203 -0.019688 -0.045593 0.226173 0.019624 0.973889 1.436209 0.000000 0.000000 0.000000 1.000000
-0.949821 -0.208283 0.233362 -0.574275 0.208363 -0.977742 -0.024597 -0.045593 0.233292 0.025261 0.972079 1.436209 0.000000 0.000000 0.000000 1.000000
-0.940473 -0.242734 0.237888 -0.574275 0.242802 -0.969628 -0.029481 -0.045593 0.237819 0.030034 0.970845 1.436209 0.000000 0.000000 0.000000 1.000000
-0.931614 -0.273603 0.239243 -0.574275 0.273581 -0.961249 -0.033975 -0.045593 0.239268 0.033801 0.970365 1.436209 0.000000 0.000000 0.000000 1.000000
-0.923649 -0.300698 0.237599 -0.574275 0.300549 -0.953019 -0.037746 -0.045593 0.237786 0.036546 0.970630 1.436209 0.000000 0.000000 0.000000 1.000000
-0.916851 -0.323654 0.233734 -0.574275 0.323383 -0.945397 -0.040592 -0.045593 0.234109 0.038369 0.971453 1.436209 0.000000 0.000000 0.000000 1.000000
-0.911392 -0.341969 0.228956 -0.574275 0.341604 -0.938882 -0.042511 -0.045593 0.229501 0.039468 0.972508 1.436209 0.000000 0.000000 0.000000 1.000000
-0.907339 -0.355398 0.224561 -0.574275 0.354975 -0.933855 -0.043676 -0.045593 0.225230 0.040085 0.973481 1.436209 0.000000 0.000000 0.000000 1.000000
-0.904640 -0.364425 0.220956 -0.574275 0.363971 -0.930357 -0.044275 -0.045593 0.221703 0.040369 0.974278 1.436209 0.000000 0.000000 0.000000 1.000000
-0.903128 -0.369600 0.218531 -0.574275 0.369133 -0.928310 -0.044518 -0.045593 0.219318 0.040462 0.974814 1.436209 0.000000 0.000000 0.000000 1.000000
-0.902639 -0.371309 0.217654 -0.574275 0.370839 -0.927627 -0.044575 -0.045593 0.218453 0.040479 0.975008 1.436209 0.000000 0.000000 0.000000 1.000000</float_array>
          <technique_common>
            <accessor source="#QuickRigCharacter_LeftUpLeg-Matrix-animation-output-transform-array" count="41" stride="16">
              <param type="float4x4"/>
            </accessor>
          </technique_common>
        </source>
        <source id="QuickRigCharacter_LeftUpLeg-Interpolations">
          <Name_array id="QuickRigCharacter_LeftUpLeg-Interpolations-array" count="41">
 LINEAR LINEAR LINEAR LINEAR LINEAR LINEAR LINEAR LINEAR LINEAR LINEAR LINEAR
LINEAR LINEAR LINEAR LINEAR LINEAR LINEAR LINEAR LINEAR LINEAR LINEAR LINEAR LINEAR
LINEAR LINEAR LINEAR LINEAR LINEAR LINEAR LINEAR LINEAR LINEAR LINEAR LINEAR LINEAR
LINEAR LINEAR LINEAR LINEAR LINEAR LINEAR</Name_array>
          <technique_common>
            <accessor source="#QuickRigCharacter_LeftUpLeg-Interpolations-array" count="41">
              <param type="name"/>
            </accessor>
          </technique_common>
        </source>
        <sampler id="QuickRigCharacter_LeftUpLeg-Matrix-animation-transform">
          <input semantic="INPUT" source="#QuickRigCharacter_LeftUpLeg-Matrix-animation-input"/>
          <input semantic="OUTPUT" source="#QuickRigCharacter_LeftUpLeg-Matrix-animation-output-transform"/>
          <input semantic="INTERPOLATION" source="#QuickRigCharacter_LeftUpLeg-Interpolations"/>
        </sampler>
        <channel source="#QuickRigCharacter_LeftUpLeg-Matrix-animation-transform" target="QuickRigCharacter_LeftUpLeg/matrix"/>
      </animation>
    </animation>
    <animation id="QuickRigCharacter_LeftLeg-anim" name="QuickRigCharacter_LeftLeg">
      <animation>
        <source id="QuickRigCharacter_LeftLeg-Matrix-animation-input">
          <float_array id="QuickRigCharacter_LeftLeg-Matrix-animation-input-array" count="41">

0.000000 0.041667 0.083333 0.125000 0.166667 0.208333 0.250000 0.291667 0.333333 0.375000 0.416667 0.458333 0.500000 0.541667 0.583333 0.625000
0.666667 0.708333 0.750000 0.791667 0.833333 0.875000 0.916667 0.958333 1.000000 1.041667 1.083333 1.125000 1.166667 1.208333 1.250000 1.291667
1.333333 1.375000 1.416667 1.458333 1.500000 1.541667 1.583333 1.625000 1.666667</float_array>
          <technique_common>
            <accessor source="#QuickRigCharacter_LeftLeg-Matrix-animation-input-array" count="41">
              <param name="TIME" type="float"/>
            </accessor>
          </technique_common>
        </source>
        <source id="QuickRigCharacter_LeftLeg-Matrix-animation-output-transform">
          <float_array id="QuickRigCharacter_LeftLeg-Matrix-animation-output-transform-array" count="656">

0.843250 -0.448269 0.296623 2.180758 0.452594 0.889823 0.058087 0.000000 -0.289980 0.085268 0.953227 -0.000001 0.000000 0.000000 0.000000 1.000000
0.840458 -0.452098 0.298725 2.180758 0.456683 0.887698 0.058593 0.000005 -0.291668 0.087178 0.952539 0.000001 0.000000 0.000000 0.000000 1.000000
0.832764 -0.462352 0.304522 2.180758 0.467681 0.881861 0.059970 0.000002 -0.296273 0.092478 0.950615 -0.000001 0.000000 0.000000 0.000000 1.000000
0.821511 -0.476561 0.313066 2.180758 0.483062 0.873394 0.061920 0.000002 -0.302938 0.100362 0.947711 -0.000000 0.000000 0.000000 0.000000 1.000000
0.808335 -0.491955 0.323380 2.180756 0.500001 0.863654 0.064044 -0.000005 -0.310795 0.109921 0.944100 -0.000002 0.000000 0.000000 0.000000 1.000000
0.794975 -0.506092 0.334493 2.180758 0.515995 0.854056 0.065853 0.000002 -0.319004 0.120245 0.940095 -0.000000 0.000000 0.000000 0.000000 1.000000
0.783136 -0.518372 0.343495 2.180758 0.530376 0.845170 0.066247 -0.000000 -0.324653 0.130301 0.936815 -0.000000 0.000000 0.000000 0.000000 1.000000
0.774360 -0.528769 0.347521 2.180759 0.542964 0.837303 0.064141 0.000002 -0.324895 0.139023 0.935476 -0.000001 0.000000 0.000000 0.000000 1.000000
0.769918 -0.536919 0.344883 2.180757 0.553147 0.831001 0.058868 0.000002 -0.318206 0.145447 0.936798 -0.000001 0.000000 0.000000 0.000000 1.000000
0.770739 -0.541892 0.335133 2.180757 0.559695 0.827171 0.050305 -0.000005 -0.304472 0.148800 0.940827 -0.000001 0.000000 0.000000 0.000000 1.000000
0.777340 -0.542112 0.319150 2.180756 0.560773 0.827051 0.038986 -0.000001 -0.285088 0.148665 0.946902 -0.000001 0.000000 0.000000 0.000000 1.000000
0.789809 -0.535543 0.298991 2.180759 0.554244 0.831946 0.026073 0.000001 -0.262707 0.145121 0.953900 -0.000001 0.000000 0.000000 0.000000 1.000000
0.807750 -0.520160 0.277442 2.180758 0.538183 0.842726 0.013102 -0.000001 -0.240623 0.138731 0.960653 -0.000001 0.000000 0.000000 0.000000 1.000000
0.830297 -0.494373 0.257299 2.180756 0.511250 0.859430 0.001514 0.000001 -0.221879 0.130288 0.966331 -0.000000 0.000000 0.000000 0.000000 1.000000
0.856118 -0.457351 0.240607 2.180757 0.472884 0.881090 -0.007802 -0.000007 -0.208428 0.120459 0.970591 -0.000001 0.000000 0.000000 0.000000 1.000000
0.883403 -0.409311 0.228174 2.180756 0.423470 0.905791 -0.014657 0.000001 -0.200679 0.109573 0.973510 -0.000000 0.000000 0.000000 0.000000 1.000000
0.909988 -0.351716 0.219587 2.180758 0.364515 0.930996 -0.019390 -0.000002 -0.197615 0.097687 0.975400 -0.000000 0.000000 0.000000 0.000000 1.000000
0.933490 -0.287973 0.213701 2.180758 0.299407 0.953860 -0.022495 -0.000002 -0.197363 0.084982 0.976640 -0.000001 0.000000 0.000000 0.000000 1.000000
0.951650 -0.224753 0.209402 2.180758 0.234854 0.971725 -0.024358 0.000004 -0.198007 0.072359 0.977526 -0.000000 0.000000 0.000000 0.000000 1.000000
0.962915 -0.173845 0.206334 2.180759 0.182850 0.982816 -0.025255 -0.000001 -0.198398 0.062046 0.978156 -0.000000 0.000000 0.000000 0.000000 1.000000
0.966720 -0.152922 0.205105 2.180757 0.161467 0.986549 -0.025490 -0.000003 -0.198448 0.057759 0.978408 -0.000000 0.000000 0.000000 0.000000 1.000000
0.962913 -0.173853 0.206334 2.180759 0.182858 0.982815 -0.025255 0.000004 -0.198397 0.062048 0.978156 -0.000000 0.000000 0.000000 0.000000 1.000000
0.951650 -0.224751 0.209402 2.180759 0.234852 0.971726 -0.024358 0.000002 -0.198007 0.072359 0.977526 -0.000001 0.000000 0.000000 0.000000 1.000000
0.933491 -0.287970 0.213700 2.180756 0.299404 0.953861 -0.022494 0.000001 -0.197363 0.084981 0.976640 -0.000000 0.000000 0.000000 0.000000 1.000000
0.909987 -0.351718 0.219587 2.180758 0.364516 0.930995 -0.019389 0.000005 -0.197615 0.097686 0.975400 -0.000000 0.000000 0.000000 0.000000 1.000000
0.883404 -0.409308 0.228175 2.180757 0.423467 0.905793 -0.014657 -0.000001 -0.200680 0.109572 0.973510 -0.000000 0.000000 0.000000 0.000000 1.000000
0.856114 -0.457359 0.240607 2.180757 0.472892 0.881086 -0.007801 0.000004 -0.208428 0.120460 0.970591 -0.000000 0.000000 0.000000 0.000000 1.000000
0.830301 -0.494365 0.257300 2.180758 0.511243 0.859435 0.001513 -0.000004 -0.221881 0.130286 0.966330 -0.000001 0.000000 0.000000 0.000000 1.000000
0.807749 -0.520161 0.277443 2.180758 0.538184 0.842725 0.013103 -0.000001 -0.240624 0.138731 0.960653 -0.000001 0.000000 0.000000 0.000000 1.000000
0.789811 -0.535540 0.298992 2.180756 0.554241 0.831948 0.026073 -0.000003 -0.262709 0.145121 0.953899 -0.000001 0.000000 0.000000 0.000000 1.000000
0.777342 -0.542110 0.319150 2.180758 0.560771 0.827052 0.038987 0.000001 -0.285089 0.148664 0.946902 -0.000000 0.000000 0.000000 0.000000 1.000000
0.770739 -0.541892 0.335135 2.180758 0.559694 0.827171 0.050306 -0.000005 -0.304474 0.148800 0.940826 -0.000002 0.000000 0.000000 0.000000 1.000000
0.769919 -0.536917 0.344884 2.180757 0.553144 0.831003 0.058869 -0.000000 -0.318207 0.145447 0.936797 -0.000001 0.000000 0.000000 0.000000 1.000000
0.774361 -0.528767 0.347521 2.180759 0.542962 0.837304 0.064140 0.000000 -0.324896 0.139023 0.935476 -0.000001 0.000000 0.000000 0.000000 1.000000
0.783139 -0.518368 0.343495 2.180757 0.530372 0.845173 0.066247 -0.000003 -0.324653 0.130300 0.936815 -0.000001 0.000000 0.000000 0.000000 1.000000
0.794973 -0.506096 0.334493 2.180758 0.515999 0.854054 0.065855 0.000008 -0.319004 0.120245 0.940095 0.000001 0.000000 0.000000 0.000000 1.000000
0.808336 -0.491955 0.323377 2.180759 0.500000 0.863654 0.064045 0.000004 -0.310793 0.109919 0.944101 0.000001 0.000000 0.000000 0.000000 1.000000
0.821514 -0.476555 0.313065 2.180758 0.483056 0.873397 0.061918 -0.000006 -0.302938 0.100361 0.947711 -0.000002 0.000000 0.000000 0.000000 1.000000
0.832768 -0.462345 0.304522 2.180756 0.467674 0.881864 0.059968 -0.000008 -0.296273 0.092478 0.950616 -0.000002 0.000000 0.000000 0.000000 1.000000
0.840463 -0.452089 0.298725 2.180758 0.456675 0.887702 0.058591 -0.000005 -0.291667 0.087176 0.952539 -0.000002 0.000000 0.000000 0.000000 1.000000
0.843251 -0.448267 0.296620 2.180758 0.452592 0.889824 0.058087 0.000008 -0.289978 0.085265 0.953227 0.000001 0.000000 0.000000 0.000000 1.000000</float_array>
          <technique_common>
            <accessor source="#QuickRigCharacter_LeftLeg-Matrix-animation-output-transform-array" count="41" stride="16">
              <param type="float4x4"/>
            </accessor>
          </technique_common>
        </source>
        <source id="QuickRigCharacter_LeftLeg-Interpolations">
          <Name_array id="QuickRigCharacter_LeftLeg-Interpolations-array" count="41">
 LINEAR LINEAR LINEAR LINEAR LINEAR LINEAR LINEAR LINEAR LINEAR LINEAR LINEAR
LINEAR LINEAR LINEAR LINEAR LINEAR LINEAR LINEAR LINEAR LINEAR LINEAR LINEAR LINEAR
LINEAR LINEAR LINEAR LINEAR LINEAR LINEAR LINEAR LINEAR LINEAR LINEAR LINEAR LINEAR
LINEAR LINEAR LINEAR LINEAR LINEAR LINEAR</Name_array>
          <technique_common>
            <accessor source="#QuickRigCharacter_LeftLeg-Interpolations-array" count="41">
              <param type="name"/>
            </accessor>
          </technique_common>
        </source>
        <sampler id="QuickRigCharacter_LeftLeg-Matrix-animation-transform">
          <input semantic="INPUT" source="#QuickRigCharacter_LeftLeg-Matrix-animation-input"/>
          <input semantic="OUTPUT" source="#QuickRigCharacter_LeftLeg-Matrix-animation-output-transform"/>
          <input semantic="INTERPOLATION" source="#QuickRigCharacter_LeftLeg-Interpolations"/>
        </sampler>
        <channel source="#QuickRigCharacter_LeftLeg-Matrix-animation-transform" target="QuickRigCharacter_LeftLeg/matrix"/>
      </animation>
    </animation>
    <animation id="QuickRigCharacter_LeftFoot-anim" name="QuickRigCharacter_LeftFoot">
      <animation>
        <source id="QuickRigCharacter_LeftFoot-Matrix-animation-input">
          <float_array id="QuickRigCharacter_LeftFoot-Matrix-animation-input-array" count="41">

0.000000 0.041667 0.083333 0.125000 0.166667 0.208333 0.250000 0.291667 0.333333 0.375000 0.416667 0.458333 0.500000 0.541667 0.583333 0.625000
0.666667 0.708333 0.750000 0.791667 0.833333 0.875000 0.916667 0.958333 1.000000 1.041667 1.083333 1.125000 1.166667 1.208333 1.250000 1.291667
